4 290.47249474347865 3.025688226274892 290.35589975828117
5 282.0659269946527 13.000769114374153 281.717681693818
6 291.06847712545465 8.934053900200924 291.88778143510353
7 333.41307458836405 6.370598436619265 333.4216927617214
8 323.6934827083373 2.8359732009735583 323.7736221765722
9 337.1999386540164 4.011490105934248 337.9483925540662
10 341.0886438444494 2.71276459594869 341.03415937351775
11 350.1012953665389 5.303685073488519 351.0008749708478
12 352.44828381190877 2.38702665333371 352.27950774378564
13 350.8328458520362 2.5052369537043995 350.23639644674813
14 350.44046303807755 3.258164142186851 349.9415057664777
15 350.99878528378986 2.695102448255574 350.7415004446292
16 351.46736050094324 3.4125662465120365 351.0682140019958
17 352.31102422970235 3.0491215693521156 352.0310078043807
18 353.59246650567314 2.651872770551302 353.0696844109216
19 352.46541591777185 2.359230279455765 352.0459706761899
20 352.4539667242368 3.2619975445269573 352.044420178438
21 353.5355521939878 2.7049994916120954 354.28687808494874
22 345.87033817867325 2.6633081177537568 345.30880766586256
23 346.1522203273731 2.97902113697673 345.82085055752464
24 341.9343985163472 2.4081152198495004 341.78603936224454
25 348.7116327919339 2.9984991145640056 349.1037125716774
26 348.28816651317277 3.5661310076704424 348.6358801911223
27 351.34980273022023 2.69038332841001 351.2821133905869
28 353.1046415318673 2.6865238367789153 352.8155897940154
29 352.653117420724 2.6506338273161387 352.72184683836787

--max == 353.79