4 245.06 106.65006516641235 207.0
5 177.36 89.56824437265698 144.0
6 444.51 345.87077051985756 334.0
7 705.31 638.6484274622462 516.0
8 1068.69 480.6617666301326 955.5
9 1218.27 1180.3279447255327 933.0
10 1087.05 589.1129327217321 1038.0
11 571.37 337.80804179296854 489.5
12 9481.03 1782.2063374087747 10000.0
13 9803.95 1068.4702370679308 10000.0
14 9926.92 727.1368190375176 10000.0
15 9650.88 1534.0465330621491 10000.0
16 9649.92 1459.0380507718091 10000.0
17 9003.05 2428.9373494390506 10000.0
18 10000.0 0.0 10000.0
19 9650.34 1403.1049156780825 10000.0
20 9761.69 1360.6389873511637 10000.0
21 9276.57 2276.5788905943937 10000.0
22 7215.67 3432.7403428019425 9969.0
23 9836.57 883.9766202225032 10000.0
24 9567.98 1610.0947175865151 10000.0
25 6849.26 3512.492290724636 8723.5
26 10000.0 0.0 10000.0
27 9974.51 239.29561195308202 10000.0
28 8654.08 2626.2511786955947 10000.0
29 9693.02 1393.5055577930075 10000.0